0 6,10,13,16,29,37,42,43,44,45,46,47,90,92,93,98,105,111,117,122,129,130,131,134,135,146,147,153,172,173,202,215,217,220,238,243,256,273,295,299,305,311,312,344,348,372,381,388,402,420,424,431,435,440,447,458,459,471,481,
1 4,11,30,38,89,91,96,103,108,109,112,115,120,125,129,137,175,177,186,195,206,208,210,222,225,229,234,251,254,258,265,271,276,282,288,293,303,308,314,327,332,340,342,354,361,367,370,379,385,399,411,413,418,429,438,445,451,456,468,479,
101 105,107,302,443,
103 424,
104 275,284,
105 117,119,122,124,281,287,372,437,449,
106 324,
109 329,
120 426,
20 374,
4 250,264,352,365,384,
5 307,465,477,
8 95,114,406,409,416,
9 10,233,
902 381,435,
903 312,447,
911 381,435,
913 381,
917 244,
918 363,
A 3,
C 26,34,
D 26,34,
Sort 22,50,54,88,241,298,347,405,423,434,484,531,535,539,
Z 3,
_ 3,161,164,
_c 150,178,
_co 99,
_f 167,187,
a 3,
and 26,34,
app 178,187,
append 99,245,
ate 150,167,488,493,498,503,508,513,518,523,
back 174,176,185,194,196,203,205,207,209,528,
begin 242,349,
bool 2,9,88,241,298,347,405,423,434,
c 2,3,9,10,
char 2,9,
cl 176,205,277,289,
cl_fu 102,141,159,179,183,248,270,318,336,359,391,454,
cl_in 163,164,165,274,363,
cla 242,243,285,494,496,527,
cla_n 101,140,148,150,156,157,161,178,182,247,257,269,317,335,358,390,453,
cla_t 147,148,149,216,278,291,
class 42,177,196,206,215,276,288,493,496,528,
clear 68,142,149,155,165,182,183,191,192,216,218,224,292,319,360,398,410,417,428,455,461,467,473,478,
close 33,41,151,168,181,190,492,497,502,507,512,517,522,
const 15,
continue 70,72,74,76,78,80,82,84,
count 26,34,523,
count_f 486,488,490,492,493,495,497,498,500,502,503,505,507,508,510,512,513,515,517,518,520,522,523,525,
count_m 487,491,496,501,506,511,516,521,524,
cout 25,196,485,526,528,
cy 194,209,326,
cycle 45,147,153,195,210,327,
dir 150,167,178,187,488,493,498,503,508,513,518,523,532,540,
dirctory 531,
else 5,12,67,231,394,470,
empty 55,60,62,73,98,101,135,140,147,153,156,163,247,257,269,317,335,358,363,390,453,
en 174,339,
end 128,242,243,311,349,350,
endl 25,180,189,196,485,490,495,500,505,510,515,520,525,526,528,
enum 47,147,153,175,305,338,340,
f_map 39,127,128,
f_sys 23,26,27,33,34,35,41,
file 150,151,167,168,178,180,181,187,189,190,
find 28,36,127,242,310,349,
finish 526,
first 57,60,61,63,68,94,106,113,118,123,135,189,227,232,245,246,248,249,256,263,273,280,286,301,306,321,338,351,364,372,373,381,383,408,415,424,425,435,436,442,447,448,464,476,525,
flag 42,43,44,45,46,47,91,93,105,108,111,112,122,129,130,137,147,153,175,177,186,195,196,206,208,210,215,217,222,243,251,258,265,276,288,299,305,311,314,327,332,340,348,354,367,385,388,413,440,451,458,528,
for 26,34,179,188,489,494,499,504,509,514,519,524,
front 57,58,63,64,
fu 136,185,207,223,252,259,266,315,331,355,368,375,386,
fu_vr 188,192,395,466,
fuction 498,501,
fun 100,138,158,221,245,313,333,349,350,353,366,376,382,450,499,501,527,
fun_n 154,157,158,159,161,164,167,187,191,
fun_t 98,99,100,102,139,153,154,155,218,246,260,316,334,357,363,369,389,452,
function 43,137,186,196,208,217,222,251,258,265,314,332,354,367,385,388,451,458,528,
getline 27,35,
getpath 539,
getsum 535,
h 1,
headfile 46,105,108,111,122,129,130,299,300,440,444,518,519,521,
i 16,18,19,28,29,30,36,37,38,50,51,
id 26,34,
id_lines 31,39,51,188,395,466,491,496,501,506,511,516,521,524,
if 3,10,55,62,69,71,73,75,77,79,81,83,89,90,91,92,98,101,105,111,117,122,128,129,131,134,135,140,146,147,153,156,157,163,172,173,174,176,185,194,202,203,205,207,209,215,217,220,243,244,247,256,257,269,273,275,284,299,305,311,312,317,324,329,335,338,348,350,358,363,372,381,388,390,406,413,424,435,440,447,453,458,459,471,
ifstream 23,
include 1,
inline 15,
insert 31,39,491,496,501,506,511,516,521,
int 15,16,28,30,36,38,50,535,
ios 150,167,178,187,488,493,498,503,508,513,518,523,
istringstream 17,
judgecl 77,241,
judgef 69,88,
judgefu 79,347,
judgel 81,423,
judgeletter 2,90,435,447,
judgenumber 9,90,
judgeou 71,405,
judges 75,298,
judgev 83,434,
l 29,31,37,39,
l_w 92,94,95,105,106,107,113,114,117,118,119,122,123,124,135,227,228,232,233,244,245,246,248,249,250,263,264,275,280,281,284,286,287,301,302,306,307,312,321,322,351,352,363,364,365,372,373,374,381,383,384,406,408,409,415,416,424,425,426,435,436,437,442,443,447,448,449,464,465,476,477,
line 24,27,28,29,30,35,36,37,38,
lines 58,64,395,466,
ofstream 486,
open 26,34,150,167,178,187,488,493,498,503,508,513,518,523,
out 407,414,504,506,527,
output 44,91,93,112,243,311,348,413,503,506,
path 531,532,
pop 59,65,
pop_back 144,197,199,211,213,
print 484,
push 51,
push_back 100,102,132,136,138,141,158,159,170,221,223,245,248,252,253,259,266,267,270,277,285,289,290,300,313,315,318,323,325,326,330,331,333,336,339,353,355,356,359,366,368,375,376,378,382,386,387,391,392,395,396,407,414,427,441,444,450,454,460,463,466,472,475,
r 30,31,38,39,
r_w 57,60,61,63,68,256,273,372,381,424,435,447,
return 4,6,11,13,19,56,96,103,109,115,120,125,225,229,234,238,254,271,282,293,295,303,308,342,344,361,370,379,399,402,411,418,420,429,431,438,445,456,468,479,481,536,540,
s 15,17,50,51,127,128,179,180,188,189,228,310,311,322,324,329,338,489,490,494,495,499,500,504,505,509,510,514,515,519,520,
s_v 242,243,349,350,
second 58,64,92,95,105,107,114,117,119,122,124,189,228,233,244,250,264,275,281,284,287,302,307,312,322,324,329,352,363,365,372,374,381,384,406,409,416,424,426,435,437,443,447,449,465,477,525,
simil 26,34,
size 30,38,89,172,173,202,204,220,312,435,447,459,471,491,496,501,506,511,516,521,527,
sort 1,25,26,34,
sortword 54,
ss 17,18,
stack_f 132,144,170,172,196,199,202,203,204,213,253,267,290,325,330,356,378,387,528,
stack_s 136,173,174,176,185,194,196,197,204,205,207,209,211,223,252,259,266,277,289,315,326,331,339,355,368,375,386,528,
string 15,24,29,37,50,179,489,494,499,504,509,514,519,531,539,
stringtoint 15,30,38,
substr 29,30,37,38,
sum 524,525,527,536,
sum_m 487,
sym 34,
sys 26,323,427,441,489,491,527,
system 488,491,
sysword 31,310,311,
txt 26,34,150,167,178,187,488,493,498,503,508,513,518,523,
veri 392,472,475,514,516,527,
veri_c 396,460,463,509,511,527,
veriable_g 513,516,
veriable_l 508,511,
void 50,54,484,531,
while 27,35,60,204,
wirte 485,
word 61,73,89,90,92,94,98,105,106,111,113,117,118,122,123,127,129,131,132,134,146,170,172,202,220,227,232,242,245,249,257,260,263,268,270,274,278,280,285,286,291,292,300,301,306,310,321,323,333,334,336,349,351,353,357,359,360,364,366,369,373,376,377,382,383,389,391,392,395,396,398,407,408,410,414,415,417,425,427,428,436,441,442,444,448,463,464,466,467,475,476,478,
word_t 135,138,139,141,142,220,221,224,268,312,313,316,318,319,377,447,450,452,454,455,459,460,461,471,472,473,
wordlist 51,55,57,58,59,62,63,64,65,
wordlist_p 50,
z 3,
